-25 - -30 == 0 -0.0012146  0.0031877  -0.381  0.99890    
-20 - -30 == 0  0.0018771  0.0031877   0.589  0.99137    
-15 - -30 == 0  0.0009937  0.0031877   0.312  0.99958    
-10 - -30 == 0  0.0102319  0.0031877   3.210  0.02572 *  
-5 - -30 == 0   0.0336768  0.0031877  10.564  < 0.001 ***
-20 - -25 == 0  0.0030916  0.0031877   0.970  0.92546    
-15 - -25 == 0  0.0022083  0.0031877   0.693  0.98201    
-10 - -25 == 0  0.0114464  0.0031877   3.591  0.00882 ** 
-5 - -25 == 0   0.0348914  0.0031877  10.945  < 0.001 ***
-15 - -20 == 0 -0.0008833  0.0031877  -0.277  0.99977    
-10 - -20 == 0  0.0083548  0.0031877   2.621  0.10960    
-5 - -20 == 0   0.0317998  0.0031877   9.976  < 0.001 ***
-10 - -15 == 0  0.0092381  0.0031877   2.898  0.05743 .  
-5 - -15 == 0   0.0326831  0.0031877  10.253  < 0.001 ***
-5 - -10 == 0   0.0234450  0.0031877   7.355  < 0.001 ***