-25 - -30 == 0 0.0012128  0.0017783   0.682    0.983    
-20 - -30 == 0 0.0012863  0.0017783   0.723    0.978    
-15 - -30 == 0 0.0023153  0.0017783   1.302    0.783    
-10 - -30 == 0 0.0045572  0.0017783   2.563    0.125    
-5 - -30 == 0  0.0244763  0.0017783  13.764   <0.001 ***
-20 - -25 == 0 0.0000735  0.0017783   0.041    1.000    
-15 - -25 == 0 0.0011025  0.0017783   0.620    0.989    
-10 - -25 == 0 0.0033444  0.0017783   1.881    0.425    
-5 - -25 == 0  0.0232635  0.0017783  13.082   <0.001 ***
-15 - -20 == 0 0.0010290  0.0017783   0.579    0.992    
-10 - -20 == 0 0.0032709  0.0017783   1.839    0.450    
-5 - -20 == 0  0.0231900  0.0017783  13.041   <0.001 ***
-10 - -15 == 0 0.0022418  0.0017783   1.261    0.805    
-5 - -15 == 0  0.0221610  0.0017783  12.462   <0.001 ***
-5 - -10 == 0  0.0199192  0.0017783  11.201   <0.001 ***