-25 - -30 == 0  7.610e-18  6.987e-04   0.000    1.000    
-20 - -30 == 0 -3.675e-05  6.987e-04  -0.053    1.000    
-15 - -30 == 0  8.085e-04  6.987e-04   1.157    0.855    
-10 - -30 == 0  1.691e-03  6.987e-04   2.420    0.168    
-5 - -30 == 0   1.253e-02  6.987e-04  17.937   <0.001 ***
-20 - -25 == 0 -3.675e-05  6.987e-04  -0.053    1.000    
-15 - -25 == 0  8.085e-04  6.987e-04   1.157    0.855    
-10 - -25 == 0  1.691e-03  6.987e-04   2.420    0.168    
-5 - -25 == 0   1.253e-02  6.987e-04  17.937   <0.001 ***
-15 - -20 == 0  8.453e-04  6.987e-04   1.210    0.830    
-10 - -20 == 0  1.727e-03  6.987e-04   2.472    0.151    
-5 - -20 == 0   1.257e-02  6.987e-04  17.990   <0.001 ***
-10 - -15 == 0  8.820e-04  6.987e-04   1.262    0.804    
-5 - -15 == 0   1.172e-02  6.987e-04  16.780   <0.001 ***
-5 - -10 == 0   1.084e-02  6.987e-04  15.518   <0.001 ***